Epoch:240
PSNR: 21.466722675997442
SSIM: 0.5554351280236014
LPIPS: 0.3228500619368101
