Epoch:220
PSNR: 28.363226531400123
SSIM: 0.8405342316005026
LPIPS: 0.09943019324374451
