Epoch:250
PSNR: 20.76602612022475
SSIM: 0.47939334472576123
LPIPS: 0.35488417744636536
