Epoch:170
PSNR: 28.304601982344007
SSIM: 0.8387145882890285
LPIPS: 0.10022579389314704
