Epoch:200
PSNR: 28.395974881560036
SSIM: 0.8431008523428835
LPIPS: 0.09781087674308496
