Epoch:250
PSNR: 21.426218019325184
SSIM: 0.5561600306215675
LPIPS: 0.33456485659808705
