Epoch:250
PSNR: 28.52526941559418
SSIM: 0.8451757662432763
LPIPS: 0.09773745027361543
