Epoch:200
PSNR: 24.55227443865514
SSIM: 0.6849968063075573
LPIPS: 0.19676260603671183
