Epoch:210
PSNR: 24.596484176068756
SSIM: 0.6871785130794092
LPIPS: 0.20095868210920773
