Epoch:230
PSNR: 28.524017972528906
SSIM: 0.8455122543602588
LPIPS: 0.09891768634774012
