Epoch:230
PSNR: 21.44111224402247
SSIM: 0.5604561292266845
LPIPS: 0.3398730730135572
