Epoch:190
PSNR: 28.262174922525453
SSIM: 0.8403687681803461
LPIPS: 0.1000668159897188
