Epoch:210
PSNR: 28.263682111248908
SSIM: 0.8398840141149376
LPIPS: 0.10147837871362377
