Epoch:210
PSNR: 21.44337926692378
SSIM: 0.5548063589365625
LPIPS: 0.31909254719393676
