Epoch:230
PSNR: 24.517202662968064
SSIM: 0.6848200860589619
LPIPS: 0.19650096322311056
