Epoch:220
PSNR: 24.511903390792128
SSIM: 0.6855252394213316
LPIPS: 0.19680240336758587
