Epoch:240
PSNR: 24.62752018568996
SSIM: 0.689573960222404
LPIPS: 0.20167600000235883
