Epoch:250
PSNR: 23.405298526010114
SSIM: 0.6891326778530156
LPIPS: 0.2002292437106371
