Epoch:210
PSNR: 20.751757578516596
SSIM: 0.4874160840215505
LPIPS: 0.36405723318457606
