Epoch:220
PSNR: 23.671823461346456
SSIM: 0.699362883404561
LPIPS: 0.21277953401207925
