Epoch:175
PSNR: 28.403333619838428
SSIM: 0.8415929479875819
LPIPS: 0.10182434933350898
