Epoch:230
PSNR: 23.62908634722245
SSIM: 0.7010130535024172
LPIPS: 0.2027210759371519
