Epoch:180
PSNR: 28.372701854010884
SSIM: 0.8433608530708026
LPIPS: 0.1056510993786616
