Epoch:200
PSNR: 20.726154662286902
SSIM: 0.4750997740375497
LPIPS: 0.36920876055955887
