Epoch:140
PSNR: 28.292101041933496
SSIM: 0.8440474009774417
LPIPS: 0.1100402162014991
