Epoch:190
PSNR: 28.30247662946944
SSIM: 0.8403720555817321
LPIPS: 0.0973122550890312
