Epoch:200
PSNR: 28.54889288665817
SSIM: 0.8477109247332699
LPIPS: 0.10647842880183475
