Epoch:230
PSNR: 18.56998128837341
SSIM: 0.3400340601147419
LPIPS: 0.48647715598344804
