Epoch:210
PSNR: 18.402661034142344
SSIM: 0.3399161402094862
LPIPS: 0.47409758538007735
