Epoch:250
PSNR: 28.366163441410418
SSIM: 0.8467625455828024
LPIPS: 0.09731604714433041
