Epoch:220
PSNR: 20.72647895114101
SSIM: 0.47832061206738835
LPIPS: 0.365095621496439
