Epoch:150
PSNR: 28.190024292162494
SSIM: 0.8383828594200983
LPIPS: 0.10303214636173746
