Epoch:230
PSNR: 20.663886840458233
SSIM: 0.4681569657154821
LPIPS: 0.3632317027449608
