Epoch:210
PSNR: 23.412469621995413
SSIM: 0.6976073988636899
LPIPS: 0.21141335614025591
