Epoch:240
PSNR: 23.645578851709057
SSIM: 0.6961418521332796
LPIPS: 0.20372819900512695
