Epoch:200
PSNR: 23.734871765141655
SSIM: 0.701752081147619
LPIPS: 0.21270612098276614
