Epoch:200
PSNR: 18.572002156861558
SSIM: 0.33299486480182156
LPIPS: 0.4956294932961464
