Epoch:250
PSNR: 24.460398579883886
SSIM: 0.6825577571298257
LPIPS: 0.1939197247685973
