Epoch:200
PSNR: 21.480512189497002
SSIM: 0.5531547900663489
LPIPS: 0.32358319907262795
